000000000000000000000000000000000010100000000010000000000001000100000000100000101000000000000000000001000000000100001000000000000000
000000000000000000000000000000000100100010000010010000000000000000000000000000000000000000000100000000010000000000000000000000100000
100000000000000000000000000100001000000000000000000000100000000000000000000000000101000000000000000000000000000000000000000000000000
001000000000000010000000000000000010100000000010001000000001000100011100000000000000000000000000000001000000000011001000000000000100
000000000000000000000100000000000010100000000010001000000001000100000000000000000000000010000000000001000000100000001000000000000000
000000000000000000000000000000010000100000000010000000000000000000000010000100000000000000000000000100010010000000000000000000100000
000000000000000000000000000000000000100100010110000000000000000000100000000000000000000000000000000010110000010000000000000000000000
000000000000000000100000000000000000100100000110000000000000010000000000010000000000000000100000000000110000010000000000000000000000
000001000000000001010000000000010000100000000010000000000000000000000000000000000000000000010000000000010000000000000000000000100000
000000000001101000000001010000000000100000000010100000000000000000000000000000000000000000000000000000011000000000000000000000100000
000000000001101000000001010000000000100000000010100000000000000000000000000000000000000000000000000000011000000000000000000000100000
000000000000000000100000000000000000100100000110000000000000010000000000010000000000000000100000000000110000010000000000000000000000
000010000000000000000000000000000000100100000110000000000000000000000001000000000000000000100000000000110000010000000000000000000000
000000000000000000000000000000000010100000000011001000000001000100011000000000000000000000000000000001000000001001001000000000000100
000000000000010000000000000001000000100000001010000000000001100100000000000000000000000000000001000000000000000000000000000000000000
000000000000000000000000000000000010100000000010000001000001000100000000100000101000000000000000000001000000000100001010000000000000
000000000000000000000000000000000010100000000010001000000001000100011000000000000000000001000000010001000000000001001000000000000100
000000000000010000000000000001000000100000000010000000000001100100000000000000000000100000000001100000000001000000000000000100000010
000000000000000000000000000000000010100000000010001000000001000100000000000000000000000010000000000001000000100000001000000000000000
100000000000000000000010000100001000000000000000000000000000000000000000000000000111000000000000001000000000000000000000000000000000
000000000000000000000000000000000010100000000010001000000101000100000000000000000000000010000000000001000000100000001000000000000000
000000000100000000000000100000000000000000000000000100010000000000000000001000000000000000000000000000000000000000100100000000000000
000000000100000000000000100000000000000000100000000000010000000000000000001000000000000000000000000000000000000000100100000000000000
000000000000000000000000000000000010100000000010001000000001000100011000000000000000000000001000000001000000000001001000010000000100
000010000000000000000000000000000000100100000110000000000000000000000000000000000000000000100000000000110000010000000000000000000000
000000000000000000000000000000000010100000000010001000000001000101000000000000000000000000000010000001000000000000001000100000001000
000000000000000000000000000000010000100000000010000000000000000000000000000100000000000000000000000000010010000000000000000000100000
000000000000000100000000000001000000100000000010000000000001100100000000000000010000000000000000000000000000000000000000000000000000
000000000000000000000000000000000011100000000010001000000001000100000000000000000000010010000000000001000100100000001000000000000000
000000000000000000000000000000010000100000000010000000000000000000000000000100000000000000000000000000010010000000000000000000100000
000000001010000000000000100000000000000000000000000000010000000000000000001000000000000000000000000000000000000000000100000000000000
010000000000000000000000000000010000110000000010000000001000000000000000000100000000001000000000000000010010000000000000000000100000
000000010000000000000000000000000010100001000010001000000001000100000000000000000000000010000000000001000000100000001000000000000000
001000000000000000000000000000000010100000000010001000000001000100011100000000000000000000000000000001000000000011001000000000000100
000000000000000000000000000001000000101000000010000000000001100100000000000000000000000000000000000000000000000000000000000000000000
000000000000000000000000000000000000100000000010010000000000000000000000000000000000000000000000000000010000000000000000000000110000
000100100000000000000000000100001000000000000000000000000000000010000000000000000000000000000000000000000000000000000000000010000001
000000000000000000000000001000000010100000000010001000000001000100011000000000000000000000000000000001000000000001001000000000000100
010000000000000000000000000000010000110000000010000000001000000000000000000100000000001000000000000000010010000000000000000000100000
000000000000000000001000000010000010100000000010001010000001000100011000000000000000000000000000010001000000000001001000000000000100
000000000000000000000000000000100010100000000010000000000001000100000000100000101000000000000000000001000000000100001001000000000000
000000000000000000000000000000000010100000000010001000000001000100010000000000000000000000000000000001000000000000001000001001000100
000000000000000000000000000000000010100000000010001000000001000100000000000000000000000010000000000001000000100000011000000000000000
000000000000000000000000001000000010100000000010001000000001000100011000000000000000000000000000000001000000000001001000000000000100
000000000000000000000000000000000010100000000010001000000001000100000000000000000000000010000000000001000000100000001000000000000000
000000000000000000000000000000000010100000000010000000000011000100000000100010101000000100000000000001000000000100001000000000000000
000000000000000000000000000000000010100000000010001000000001000100011100000000000000000000000000000001000000000001001000000000000100
000000000000000000000000000000000010100000000010001000000001000100000000000000000000000010000000000001000000100000001000000000000000
000000000000000000000000000000000010100000000010000000000001001100000000100000101000000000000000000001000000000100001000000000000000
000000000000000000000000000000010000100000000010000000000000000000000000000101000000000000000000000000010010000000000000000000100000
